0,531
0,530
0,529
0,528
0,527
0,526
0,525
0,524
0,523
0,522
0,521
0,520
0,519
0,518
70,35
0,517
75,5
75,4
75,3
75,2
75,1
75,0
74,3
74,2
74,1
74,0
73,4
73,3
73,2
73,1
73,0
72,4
72,3
72,2
72,1
72,0
71,3
71,2
71,1
71,0
0,278
0,9
10,94
10,272
10,194
10,97
10,207
10,302
10,173
10,162
11,13
11,12
11,10
11,11
9,4
9,6
8,4
68,3
68,2
68,1
68,0
67,4
67,3
67,2
67,1
67,0
66,4
66,3
66,2
66,1
66,0
62,3
62,2
62,1
62,0
20,3
20,2
20,1
19,3
19,2
19,1
18,3
18,1
14,3
14,1
13,3
13,1
12,3
12,2
12,1
11,29
11,27
11,25
11,21
11,19
11,18
11,16
11,14
11,8
11,6
11,3
11,2
11,1
10,287
10,263
10,245
10,244
10,241
10,223
10,211
10,209
10,208
10,196
10,165
10,125
10,68
10,17
